Pretty print of first cycle - northThinning
                                                                                          
                                                                                          
                                                                                          
                                                            1                             
                                                            1                             
                                                          1 1 1                           
                                                        1 1 1 1 1                         
                                                      1 1 1 1 1 1 1                       
                                                    1 1 1 1 1 1 1 1 1                     
                                                  1 1 1 1 1 1 1 1 1 1 1                   
                                                1 1 1 1 1 1 1 1 1 1 1 1 1                 
                                              1 1 1 1 1 1 1 1 1 1 1 1 1 1 1               
                                          1 1 1 1 1 1 1 1 1 1 1 1 1 1 1 1 1 1 1           
                                            1 1 1 1 1 1 1 1 1 1 1 1 1 1 1 1 1             
                                              1 1 1 1 1 1 1 1 1 1 1 1 1 1 1               
      1                             1           1 1 1 1 1 1 1 1 1 1 1 1 1                 
      1 1 1 1 1 1 1 1 1 1 1 1 1 1 1 1             1 1 1 1 1 1 1 1 1 1 1                   
      1 1 1 1 1 1 1 1 1 1 1 1 1 1 1 1               1 1 1 1 1 1 1 1 1                     
      1 1 1 1 1 1 1 1 1 1 1 1 1 1 1 1                 1 1 1 1 1 1 1                       
      1 1 1 1 1 1 1 1 1 1 1 1 1 1 1 1                   1 1 1 1 1                         
      1 1 1 1 1 1 1 1 1 1 1 1 1 1 1 1                     1 1 1                           
      1 1 1 1 1 1 1 1 1 1 1 1 1 1 1 1                       1                             
      1 1 1 1 1 1 1 1 1 1 1 1 1 1 1 1                       1                             
      1 1 1 1 1 1 1 1 1 1 1 1 1 1 1 1                       1                             
      1 1 1 1 1 1 1 1 1 1 1 1 1 1 1 1                     1 1 1                           
                                                        1 1 1 1 1                         
                                                      1 1 1 1 1 1 1                       
                                                    1 1 1 1 1 1 1 1 1                     
                                                  1 1 1 1 1 1 1 1 1 1 1                   
                                                1 1 1 1 1 1 1 1 1 1 1 1 1                 
                                              1 1 1 1 1 1 1 1 1 1 1 1 1 1 1               
                                          1 1 1 1 1 1 1 1 1 1 1 1 1 1 1 1 1 1 1           
                                            1 1 1 1 1 1 1 1 1 1 1 1 1 1 1 1 1             
                                              1 1 1 1 1 1 1 1 1 1 1 1 1 1 1               
                                                1 1 1 1 1 1 1 1 1 1 1 1 1                 
                                                  1 1 1 1 1 1 1 1 1 1 1                   
                                                    1 1 1 1 1 1 1 1 1                     
                                                      1 1 1 1 1 1 1                       
                                                        1 1 1 1 1                         
                                                          1 1 1                           
                                                            1                             
                                                                                          
                                                                                          
                                                                                          
                                                                                          
Pretty print of first cycle - southThinning
                                                                                          
                                                                                          
                                                                                          
                                                            1                             
                                                            1                             
                                                          1 1 1                           
                                                        1 1 1 1 1                         
                                                      1 1 1 1 1 1 1                       
                                                    1 1 1 1 1 1 1 1 1                     
                                                  1 1 1 1 1 1 1 1 1 1 1                   
                                                1 1 1 1 1 1 1 1 1 1 1 1 1                 
                                              1 1 1 1 1 1 1 1 1 1 1 1 1 1 1               
                                          1 1 1 1 1 1 1 1 1 1 1 1 1 1 1 1 1 1 1           
                                              1 1 1 1 1 1 1 1 1 1 1 1 1 1 1               
                                                1 1 1 1 1 1 1 1 1 1 1 1 1                 
      1                             1             1 1 1 1 1 1 1 1 1 1 1                   
      1 1 1 1 1 1 1 1 1 1 1 1 1 1 1 1               1 1 1 1 1 1 1 1 1                     
      1 1 1 1 1 1 1 1 1 1 1 1 1 1 1 1                 1 1 1 1 1 1 1                       
      1 1 1 1 1 1 1 1 1 1 1 1 1 1 1 1                   1 1 1 1 1                         
      1 1 1 1 1 1 1 1 1 1 1 1 1 1 1 1                     1 1 1                           
      1 1 1 1 1 1 1 1 1 1 1 1 1 1 1 1                       1                             
      1 1 1 1 1 1 1 1 1 1 1 1 1 1 1 1                       1                             
      1 1 1 1 1 1 1 1 1 1 1 1 1 1 1 1                       1                             
      1 1 1 1 1 1 1 1 1 1 1 1 1 1 1 1                       1                             
      1                             1                     1 1 1                           
                                                        1 1 1 1 1                         
                                                      1 1 1 1 1 1 1                       
                                                    1 1 1 1 1 1 1 1 1                     
                                                  1 1 1 1 1 1 1 1 1 1 1                   
                                                1 1 1 1 1 1 1 1 1 1 1 1 1                 
                                              1 1 1 1 1 1 1 1 1 1 1 1 1 1 1               
                                          1 1 1 1 1 1 1 1 1 1 1 1 1 1 1 1 1 1 1           
                                              1 1 1 1 1 1 1 1 1 1 1 1 1 1 1               
                                                1 1 1 1 1 1 1 1 1 1 1 1 1                 
                                                  1 1 1 1 1 1 1 1 1 1 1                   
                                                    1 1 1 1 1 1 1 1 1                     
                                                      1 1 1 1 1 1 1                       
                                                        1 1 1 1 1                         
                                                          1 1 1                           
                                                            1                             
                                                            1                             
                                                                                          
                                                                                          
                                                                                          
                                                                                          
Pretty print of first cycle - westThinning
                                                                                          
                                                                                          
                                                                                          
                                                            1                             
                                                            1                             
                                                          1 1 1                           
                                                        1 1 1 1 1                         
                                                      1 1 1 1 1 1 1                       
                                                    1 1 1 1 1 1 1 1 1                     
                                                  1 1 1 1 1 1 1 1 1 1 1                   
                                                1 1 1 1 1 1 1 1 1 1 1 1 1                 
                                              1 1 1 1 1 1 1 1 1 1 1 1 1 1 1               
                                          1 1 1 1 1 1 1 1 1 1 1 1 1 1 1 1 1 1 1           
                                              1 1 1 1 1 1 1 1 1 1 1 1 1 1 1               
                                                1 1 1 1 1 1 1 1 1 1 1 1 1                 
      1                             1             1 1 1 1 1 1 1 1 1 1 1                   
        1 1 1 1 1 1 1 1 1 1 1 1 1 1 1               1 1 1 1 1 1 1 1 1                     
        1 1 1 1 1 1 1 1 1 1 1 1 1 1 1                 1 1 1 1 1 1 1                       
        1 1 1 1 1 1 1 1 1 1 1 1 1 1 1                   1 1 1 1 1                         
        1 1 1 1 1 1 1 1 1 1 1 1 1 1 1                     1 1 1                           
        1 1 1 1 1 1 1 1 1 1 1 1 1 1 1                       1                             
        1 1 1 1 1 1 1 1 1 1 1 1 1 1 1                       1                             
        1 1 1 1 1 1 1 1 1 1 1 1 1 1 1                       1                             
        1 1 1 1 1 1 1 1 1 1 1 1 1 1 1                       1                             
      1                             1                     1 1 1                           
                                                        1 1 1 1 1                         
                                                      1 1 1 1 1 1 1                       
                                                    1 1 1 1 1 1 1 1 1                     
                                                  1 1 1 1 1 1 1 1 1 1 1                   
                                                1 1 1 1 1 1 1 1 1 1 1 1 1                 
                                              1 1 1 1 1 1 1 1 1 1 1 1 1 1 1               
                                          1 1 1 1 1 1 1 1 1 1 1 1 1 1 1 1 1 1 1           
                                              1 1 1 1 1 1 1 1 1 1 1 1 1 1 1               
                                                1 1 1 1 1 1 1 1 1 1 1 1 1                 
                                                  1 1 1 1 1 1 1 1 1 1 1                   
                                                    1 1 1 1 1 1 1 1 1                     
                                                      1 1 1 1 1 1 1                       
                                                        1 1 1 1 1                         
                                                          1 1 1                           
                                                            1                             
                                                            1                             
                                                                                          
                                                                                          
                                                                                          
                                                                                          
Pretty print of first cycle - eastThinning
                                                                                          
                                                                                          
                                                                                          
                                                            1                             
                                                            1                             
                                                          1 1 1                           
                                                        1 1 1 1 1                         
                                                      1 1 1 1 1 1 1                       
                                                    1 1 1 1 1 1 1 1 1                     
                                                  1 1 1 1 1 1 1 1 1 1 1                   
                                                1 1 1 1 1 1 1 1 1 1 1 1 1                 
                                              1 1 1 1 1 1 1 1 1 1 1 1 1 1 1               
                                          1 1 1 1 1 1 1 1 1 1 1 1 1 1 1 1 1 1 1           
                                              1 1 1 1 1 1 1 1 1 1 1 1 1 1 1               
                                                1 1 1 1 1 1 1 1 1 1 1 1 1                 
      1                             1             1 1 1 1 1 1 1 1 1 1 1                   
        1 1 1 1 1 1 1 1 1 1 1 1 1 1                 1 1 1 1 1 1 1 1 1                     
        1 1 1 1 1 1 1 1 1 1 1 1 1 1                   1 1 1 1 1 1 1                       
        1 1 1 1 1 1 1 1 1 1 1 1 1 1                     1 1 1 1 1                         
        1 1 1 1 1 1 1 1 1 1 1 1 1 1                       1 1 1                           
        1 1 1 1 1 1 1 1 1 1 1 1 1 1                         1                             
        1 1 1 1 1 1 1 1 1 1 1 1 1 1                         1                             
        1 1 1 1 1 1 1 1 1 1 1 1 1 1                         1                             
        1 1 1 1 1 1 1 1 1 1 1 1 1 1                         1                             
      1                             1                     1 1 1                           
                                                        1 1 1 1 1                         
                                                      1 1 1 1 1 1 1                       
                                                    1 1 1 1 1 1 1 1 1                     
                                                  1 1 1 1 1 1 1 1 1 1 1                   
                                                1 1 1 1 1 1 1 1 1 1 1 1 1                 
                                              1 1 1 1 1 1 1 1 1 1 1 1 1 1 1               
                                          1 1 1 1 1 1 1 1 1 1 1 1 1 1 1 1 1 1 1           
                                              1 1 1 1 1 1 1 1 1 1 1 1 1 1 1               
                                                1 1 1 1 1 1 1 1 1 1 1 1 1                 
                                                  1 1 1 1 1 1 1 1 1 1 1                   
                                                    1 1 1 1 1 1 1 1 1                     
                                                      1 1 1 1 1 1 1                       
                                                        1 1 1 1 1                         
                                                          1 1 1                           
                                                            1                             
                                                            1                             
                                                                                          
                                                                                          
                                                                                          
                                                                                          
Pretty print of complete cycle - cycle #3
                                                                                          
                                                                                          
                                                                                          
                                                            1                             
                                                            1                             
                                                            1                             
                                                            1                             
                                                          1 1 1                           
                                                        1 1 1 1 1                         
                                                      1 1 1 1 1 1 1                       
                                                    1 1 1 1 1 1 1 1 1                     
                                                  1 1 1 1 1 1 1 1 1 1 1                   
                                          1 1 1 1 1 1 1 1 1 1 1 1 1 1 1 1 1 1 1           
                                                  1 1 1 1 1 1 1 1 1 1 1                   
                                                    1 1 1 1 1 1 1 1 1                     
      1                             1                 1 1 1 1 1 1 1                       
        1                         1                     1 1 1 1 1                         
          1                     1                         1 1 1                           
            1 1 1 1 1 1 1 1 1 1                             1                             
            1 1 1 1 1 1 1 1 1 1                             1                             
            1 1 1 1 1 1 1 1 1 1                             1                             
            1 1 1 1 1 1 1 1 1 1                             1                             
          1                     1                           1                             
        1                         1                         1                             
      1                             1                       1                             
                                                            1                             
                                                          1 1 1                           
                                                        1 1 1 1 1                         
                                                      1 1 1 1 1 1 1                       
                                                    1 1 1 1 1 1 1 1 1                     
                                                  1 1 1 1 1 1 1 1 1 1 1                   
                                          1 1 1 1 1 1 1 1 1 1 1 1 1 1 1 1 1 1 1           
                                                  1 1 1 1 1 1 1 1 1 1 1                   
                                                    1 1 1 1 1 1 1 1 1                     
                                                      1 1 1 1 1 1 1                       
                                                        1 1 1 1 1                         
                                                          1 1 1                           
                                                            1                             
                                                            1                             
                                                            1                             
                                                            1                             
                                                                                          
                                                                                          
                                                                                          
                                                                                          
Pretty print of complete cycle - cycle #6
                                                                                          
                                                                                          
                                                                                          
                                                            1                             
                                                            1                             
                                                            1                             
                                                            1                             
                                                            1                             
                                                            1                             
                                                            1                             
                                                          1 1 1                           
                                                        1 1 1 1 1                         
                                          1 1 1 1 1 1 1 1 1 1 1 1 1 1 1 1 1 1 1           
                                                        1 1 1 1 1                         
                                                          1 1 1                           
      1                             1                       1                             
        1                         1                         1                             
          1                     1                           1                             
            1                 1                             1                             
              1             1                               1                             
              1             1                               1                             
            1                 1                             1                             
          1                     1                           1                             
        1                         1                         1                             
      1                             1                       1                             
                                                            1                             
                                                            1                             
                                                            1                             
                                                            1                             
                                                          1 1 1                           
                                                        1 1 1 1 1                         
                                          1 1 1 1 1 1 1 1 1 1 1 1 1 1 1 1 1 1 1           
                                                        1 1 1 1 1                         
                                                          1 1 1                           
                                                            1                             
                                                            1                             
                                                            1                             
                                                            1                             
                                                            1                             
                                                            1                             
                                                            1                             
                                                                                          
                                                                                          
                                                                                          
                                                                                          
Pretty print of complete cycle - cycle #9
                                                                                          
                                                                                          
                                                                                          
                                                            1                             
                                                            1                             
                                                            1                             
                                                            1                             
                                                            1                             
                                                            1                             
                                                            1                             
                                                            1                             
                                                            1                             
                                          1 1 1 1 1 1 1 1 1 1 1 1 1 1 1 1 1 1 1           
                                                            1                             
                                                            1                             
      1                             1                       1                             
        1                         1                         1                             
          1                     1                           1                             
            1                 1                             1                             
              1             1                               1                             
              1             1                               1                             
            1                 1                             1                             
          1                     1                           1                             
        1                         1                         1                             
      1                             1                       1                             
                                                            1                             
                                                            1                             
                                                            1                             
                                                            1                             
                                                            1                             
                                                            1                             
                                          1 1 1 1 1 1 1 1 1 1 1 1 1 1 1 1 1 1 1           
                                                            1                             
                                                            1                             
                                                            1                             
                                                            1                             
                                                            1                             
                                                            1                             
                                                            1                             
                                                            1                             
                                                            1                             
                                                                                          
                                                                                          
                                                                                          
                                                                                          
Pretty print of skeleton image after final cycle
                                                                                          
                                                                                          
                                                                                          
                                                            1                             
                                                            1                             
                                                            1                             
                                                            1                             
                                                            1                             
                                                            1                             
                                                            1                             
                                                            1                             
                                                            1                             
                                          1 1 1 1 1 1 1 1 1 1 1 1 1 1 1 1 1 1 1           
                                                            1                             
                                                            1                             
      1                             1                       1                             
        1                         1                         1                             
          1                     1                           1                             
            1                 1                             1                             
              1             1                               1                             
              1             1                               1                             
            1                 1                             1                             
          1                     1                           1                             
        1                         1                         1                             
      1                             1                       1                             
                                                            1                             
                                                            1                             
                                                            1                             
                                                            1                             
                                                            1                             
                                                            1                             
                                          1 1 1 1 1 1 1 1 1 1 1 1 1 1 1 1 1 1 1           
                                                            1                             
                                                            1                             
                                                            1                             
                                                            1                             
                                                            1                             
                                                            1                             
                                                            1                             
                                                            1                             
                                                            1                             
                                                                                          
                                                                                          
                                                                                          
                                                                                          
